wavenumber (1/cm)	full-length (a.u.)	NTD (a.u.)	CTD (a.u.)
1599.66	2.30E-05	0.00E+00	0.00E+00
1600.15	0.00E+00	1.79E-06	1.21E-05
1600.63	1.78E-05	2.99E-06	1.14E-04
1601.11	7.42E-05	5.80E-06	2.22E-04
1601.59	1.52E-04	1.18E-05	3.33E-04
1602.07	2.36E-04	1.96E-05	4.41E-04
1602.56	3.16E-04	2.73E-05	5.44E-04
1603.04	3.97E-04	3.22E-05	6.44E-04
1603.52	4.94E-04	3.53E-05	7.47E-04
1604	6.23E-04	3.86E-05	8.59E-04
1604.48	7.89E-04	4.62E-05	9.83E-04
1604.97	9.87E-04	6.06E-05	1.12E-03
1605.45	1.20E-03	8.14E-05	1.27E-03
1605.93	1.42E-03	1.05E-04	1.42E-03
1606.41	1.64E-03	1.27E-04	1.57E-03
1606.9	1.87E-03	1.44E-04	1.72E-03
1607.38	2.15E-03	1.58E-04	1.88E-03
1607.86	2.50E-03	1.73E-04	2.04E-03
1608.34	2.92E-03	1.93E-04	2.21E-03
1608.82	3.41E-03	2.22E-04	2.39E-03
1609.31	3.95E-03	2.58E-04	2.56E-03
1609.79	4.50E-03	2.96E-04	2.74E-03
1610.27	5.07E-03	3.29E-04	2.91E-03
1610.75	5.67E-03	3.50E-04	3.08E-03
1611.23	6.30E-03	3.61E-04	3.27E-03
1611.72	6.99E-03	3.68E-04	3.47E-03
1612.2	7.72E-03	3.80E-04	3.69E-03
1612.68	8.48E-03	4.04E-04	3.92E-03
1613.16	9.22E-03	4.44E-04	4.16E-03
1613.65	9.95E-03	4.94E-04	4.39E-03
1614.13	1.06E-02	5.48E-04	4.61E-03
1614.61	1.14E-02	5.90E-04	4.83E-03
1615.09	1.22E-02	6.06E-04	5.06E-03
1615.57	1.32E-02	5.86E-04	5.31E-03
1616.06	1.44E-02	5.29E-04	5.60E-03
1616.54	1.59E-02	4.48E-04	5.91E-03
1617.02	1.76E-02	3.67E-04	6.25E-03
1617.5	1.92E-02	3.05E-04	6.61E-03
1617.98	2.07E-02	2.72E-04	6.98E-03
1618.47	2.20E-02	2.63E-04	7.36E-03
1618.95	2.32E-02	2.72E-04	7.76E-03
1619.43	2.44E-02	2.89E-04	8.18E-03
1619.91	2.55E-02	3.11E-04	8.60E-03
1620.39	2.66E-02	3.32E-04	9.03E-03
1620.88	2.78E-02	3.48E-04	9.45E-03
1621.36	2.89E-02	3.51E-04	9.87E-03
1621.84	3.01E-02	3.37E-04	1.03E-02
1622.32	3.13E-02	3.02E-04	1.07E-02
1622.81	3.25E-02	2.49E-04	1.10E-02
1623.29	3.39E-02	1.91E-04	1.14E-02
1623.77	3.52E-02	1.44E-04	1.18E-02
1624.25	3.65E-02	1.18E-04	1.22E-02
1624.73	3.77E-02	1.18E-04	1.26E-02
1625.22	3.87E-02	1.33E-04	1.30E-02
1625.7	3.95E-02	1.51E-04	1.33E-02
1626.18	4.02E-02	1.59E-04	1.37E-02
1626.66	4.08E-02	1.51E-04	1.40E-02
1627.14	4.14E-02	1.23E-04	1.42E-02
1627.63	4.19E-02	8.30E-05	1.45E-02
1628.11	4.24E-02	4.19E-05	1.47E-02
1628.59	4.28E-02	1.21E-05	1.48E-02
1629.07	4.31E-02	1.77E-06	1.50E-02
1629.55	4.33E-02	1.22E-05	1.50E-02
1630.04	4.35E-02	4.01E-05	1.51E-02
1630.52	4.36E-02	8.06E-05	1.51E-02
1631	4.37E-02	1.30E-04	1.52E-02
1631.48	4.39E-02	1.87E-04	1.52E-02
1631.97	4.40E-02	2.50E-04	1.52E-02
1632.45	4.41E-02	3.19E-04	1.52E-02
1632.93	4.41E-02	3.89E-04	1.52E-02
1633.41	4.41E-02	4.55E-04	1.52E-02
1633.89	4.40E-02	5.10E-04	1.50E-02
1634.38	4.38E-02	5.47E-04	1.48E-02
1634.86	4.34E-02	5.65E-04	1.44E-02
1635.34	4.30E-02	5.70E-04	1.38E-02
1635.82	4.25E-02	5.74E-04	1.30E-02
1636.3	4.20E-02	5.95E-04	1.22E-02
1636.79	4.16E-02	6.41E-04	1.15E-02
1637.27	4.13E-02	7.12E-04	1.09E-02
1637.75	4.11E-02	8.00E-04	1.05E-02
1638.23	4.09E-02	9.01E-04	1.01E-02
1638.72	4.08E-02	1.01E-03	9.67E-03
1639.2	4.08E-02	1.13E-03	9.26E-03
1639.68	4.08E-02	1.26E-03	8.83E-03
1640.16	4.08E-02	1.40E-03	8.39E-03
1640.64	4.09E-02	1.55E-03	7.95E-03
1641.13	4.09E-02	1.72E-03	7.53E-03
1641.61	4.09E-02	1.90E-03	7.12E-03
1642.09	4.10E-02	2.10E-03	6.73E-03
1642.57	4.12E-02	2.30E-03	6.38E-03
1643.05	4.14E-02	2.52E-03	6.05E-03
1643.54	4.16E-02	2.73E-03	5.76E-03
1644.02	4.19E-02	2.96E-03	5.52E-03
1644.5	4.23E-02	3.18E-03	5.31E-03
1644.98	4.26E-02	3.41E-03	5.12E-03
1645.46	4.30E-02	3.67E-03	4.92E-03
1645.95	4.34E-02	3.97E-03	4.66E-03
1646.43	4.39E-02	4.33E-03	4.32E-03
1646.91	4.45E-02	4.74E-03	3.92E-03
1647.39	4.53E-02	5.19E-03	3.54E-03
1647.88	4.61E-02	5.62E-03	3.26E-03
1648.36	4.68E-02	6.02E-03	3.10E-03
1648.84	4.75E-02	6.37E-03	3.01E-03
1649.32	4.81E-02	6.70E-03	2.96E-03
1649.8	4.86E-02	7.01E-03	2.90E-03
1650.29	4.92E-02	7.31E-03	2.83E-03
1650.77	4.98E-02	7.60E-03	2.73E-03
1651.25	5.05E-02	7.87E-03	2.63E-03
1651.73	5.12E-02	8.15E-03	2.54E-03
1652.21	5.19E-02	8.45E-03	2.42E-03
1652.7	5.25E-02	8.81E-03	2.18E-03
1653.18	5.31E-02	9.24E-03	1.81E-03
1653.66	5.36E-02	9.69E-03	1.43E-03
1654.14	5.41E-02	1.01E-02	1.20E-03
1654.63	5.47E-02	1.04E-02	1.15E-03
1655.11	5.52E-02	1.07E-02	1.22E-03
1655.59	5.57E-02	1.09E-02	1.34E-03
1656.07	5.61E-02	1.10E-02	1.47E-03
1656.55	5.63E-02	1.11E-02	1.58E-03
1657.04	5.64E-02	1.12E-02	1.65E-03
1657.52	5.65E-02	1.12E-02	1.69E-03
1658	5.64E-02	1.12E-02	1.70E-03
1658.48	5.63E-02	1.11E-02	1.69E-03
1658.96	5.62E-02	1.10E-02	1.67E-03
1659.45	5.60E-02	1.09E-02	1.65E-03
1659.93	5.57E-02	1.08E-02	1.63E-03
1660.41	5.52E-02	1.06E-02	1.61E-03
1660.89	5.46E-02	1.03E-02	1.56E-03
1661.37	5.38E-02	1.00E-02	1.50E-03
1661.86	5.29E-02	9.64E-03	1.40E-03
1662.34	5.18E-02	9.20E-03	1.27E-03
1662.82	5.05E-02	8.72E-03	1.13E-03
1663.3	4.93E-02	8.25E-03	1.00E-03
1663.79	4.81E-02	7.81E-03	9.02E-04
1664.27	4.70E-02	7.44E-03	8.39E-04
1664.75	4.60E-02	7.11E-03	8.06E-04
1665.23	4.51E-02	6.84E-03	7.92E-04
1665.71	4.43E-02	6.59E-03	7.86E-04
1666.2	4.36E-02	6.36E-03	7.83E-04
1666.68	4.30E-02	6.12E-03	7.80E-04
1667.16	4.23E-02	5.87E-03	7.75E-04
1667.64	4.15E-02	5.58E-03	7.64E-04
1668.12	4.06E-02	5.25E-03	7.39E-04
1668.61	3.94E-02	4.86E-03	6.85E-04
1669.09	3.81E-02	4.45E-03	5.92E-04
1669.57	3.67E-02	4.02E-03	4.63E-04
1670.05	3.53E-02	3.62E-03	3.19E-04
1670.53	3.41E-02	3.28E-03	1.89E-04
1671.02	3.31E-02	3.00E-03	9.50E-05
1671.5	3.22E-02	2.78E-03	4.22E-05
1671.98	3.15E-02	2.60E-03	2.44E-05
1672.46	3.08E-02	2.44E-03	2.74E-05
1672.95	3.01E-02	2.29E-03	4.14E-05
1673.43	2.95E-02	2.12E-03	5.55E-05
1673.91	2.88E-02	1.93E-03	6.60E-05
1674.39	2.79E-02	1.71E-03	6.61E-05
1674.87	2.70E-02	1.46E-03	5.34E-05
1675.36	2.59E-02	1.21E-03	2.98E-05
1675.84	2.49E-02	9.94E-04	8.00E-06
1676.32	2.39E-02	8.23E-04	0.00E+00
1676.8	2.31E-02	6.99E-04	1.46E-05
1677.28	2.25E-02	6.11E-04	5.11E-05
1677.77	2.20E-02	5.46E-04	1.07E-04
1678.25	2.15E-02	4.93E-04	1.79E-04
1678.73	2.10E-02	4.45E-04	2.65E-04
1679.21	2.05E-02	4.01E-04	3.62E-04
1679.7	1.99E-02	3.60E-04	4.67E-04
1680.18	1.93E-02	3.26E-04	5.72E-04
1680.66	1.86E-02	3.00E-04	6.73E-04
1681.14	1.81E-02	2.81E-04	7.64E-04
1681.62	1.77E-02	2.68E-04	8.49E-04
1682.11	1.73E-02	2.55E-04	9.31E-04
1682.59	1.69E-02	2.34E-04	1.01E-03
1683.07	1.64E-02	1.98E-04	1.08E-03
1683.55	1.57E-02	1.45E-04	1.10E-03
1684.03	1.46E-02	8.03E-05	1.06E-03
1684.52	1.35E-02	2.49E-05	9.89E-04
1685	1.25E-02	0.00E+00	9.41E-04
1685.48	1.18E-02	1.47E-05	9.63E-04
1685.96	1.14E-02	6.03E-05	1.06E-03
1686.44	1.11E-02	1.25E-04	1.21E-03
1686.93	1.09E-02	1.97E-04	1.39E-03
1687.41	1.07E-02	2.71E-04	1.56E-03
1687.89	1.03E-02	3.42E-04	1.71E-03
1688.37	9.93E-03	4.09E-04	1.82E-03
1688.86	9.45E-03	4.72E-04	1.89E-03
1689.34	8.93E-03	5.37E-04	1.92E-03
1689.82	8.41E-03	6.07E-04	1.95E-03
1690.3	7.92E-03	6.90E-04	1.96E-03
1690.78	7.46E-03	7.85E-04	1.97E-03
1691.27	7.05E-03	8.89E-04	1.98E-03
1691.75	6.66E-03	9.95E-04	1.97E-03
1692.23	6.32E-03	1.10E-03	1.94E-03
1692.71	6.01E-03	1.19E-03	1.88E-03
1693.19	5.73E-03	1.28E-03	1.79E-03
1693.68	5.47E-03	1.36E-03	1.68E-03
1694.16	5.18E-03	1.44E-03	1.55E-03
1694.64	4.85E-03	1.53E-03	1.40E-03
1695.12	4.43E-03	1.65E-03	1.24E-03
1695.6	3.94E-03	1.81E-03	1.05E-03
1696.09	3.43E-03	1.99E-03	8.48E-04
1696.57	3.00E-03	2.16E-03	6.66E-04
1697.05	2.69E-03	2.32E-03	5.25E-04
1697.53	2.49E-03	2.44E-03	4.23E-04
1698.02	2.33E-03	2.53E-03	3.44E-04
1698.5	2.09E-03	2.61E-03	2.73E-04
1698.98	1.67E-03	2.67E-03	2.00E-04
1699.46	9.83E-04	2.74E-03	1.13E-04
1699.94	2.51E-05	2.83E-03	6.01E-06
1700.43	0.00E+00	0.00E+00	0.00E+00